Card #0
+----+----+----+----+----+----+----+----+----+----+----+----+----+----+----+| 333| 465| 417| 135| 296| 461| 234| 160| 317|  17| 192| 262| 385| 108| 485|
+----+----+----+----+----+----+----+----+----+----+----+----+----+----+----+| 176| 482|  59| 432| 166| 249| 282| 306| 339| 256| 337| 500| 149| 316| 228|
+----+----+----+----+----+----+----+----+----+----+----+----+----+----+----+| 428| 362| 138| 169|  41| 271| 184| 372| 453| 129| 191| 441| 231| 437|  61|
+----+----+----+----+----+----+----+----+----+----+----+----+----+----+----+| 364| 177| 331|  53| 258|  29| 343| 447| 242| 255| 291| 480| 342| 122| 298|
+----+----+----+----+----+----+----+----+----+----+----+----+----+----+----+| 497| 141| 410| 366| 346| 142| 405| 240| 190| 336|  55| 235| 486| 468| 216|
+----+----+----+----+----+----+----+----+----+----+----+----+----+----+----+| 140| 418| 423| 292| 155| 102|  64| 369| 332| 414| 112| 254|  81| 368| 283|
+----+----+----+----+----+----+----+----+----+----+----+----+----+----+----+| 226| 382| 204| 338| 225| 131|  49|  39| 434|  82| 391|  66| 123|  15| 409|
+----+----+----+----+----+----+----+----+----+----+----+----+----+----+----+| 315| 311| 424|  25| 450| 378| 100| 427| 224| 154| 153| 111|  98| 213|  71|
+----+----+----+----+----+----+----+----+----+----+----+----+----+----+----+| 133| 182| 206| 197| 293|  14|   2|  12|  94| 439|  77| 496| 471| 171| 383|
+----+----+----+----+----+----+----+----+----+----+----+----+----+----+----+| 314| 173|  16|  75| 466| 109| 444|  21| 265| 426| 210| 392| 384| 415| 481|
+----+----+----+----+----+----+----+----+----+----+----+----+----+----+----+| 422| 309| 198| 341| 105| 425| 208|   5| 156| 207| 273| 124| 230|  78| 137|
+----+----+----+----+----+----+----+----+----+----+----+----+----+----+----+| 303| 329| 196| 241| 260|  40| 286| 323| 238| 295| 288| 475| 126| 250| 328|
+----+----+----+----+----+----+----+----+----+----+----+----+----+----+----+| 442| 128| 408| 297| 269|  73| 401| 387|  46| 195| 127| 399| 353|   8| 367|
+----+----+----+----+----+----+----+----+----+----+----+----+----+----+----+| 243|  34| 120| 406| 398| 470| 237|  19|  32|  86| 209| 400| 246| 393| 419|
+----+----+----+----+----+----+----+----+----+----+----+----+----+----+----+| 335| 272| 281| 275| 147| 121| 487|  70| 357| 456| 223| 143| 374| 268| 218|
+----+----+----+----+----+----+----+----+----+----+----+----+----+----+----+
Card #0
+----+----+----+----+----+----+----+----+----+----+----+----+----+----+----+| 333| 465| 417| 135| 296| 461| 234| 160| 317|  17| 192| 262| 385| 108| 485|
+----+----+----+----+----+----+----+----+----+----+----+----+----+----+----+| 176| 482|  59| 432| 166| 249| 282| 306| 339| 256| 337| 500| 149| 316| 228|
+----+----+----+----+----+----+----+----+----+----+----+----+----+----+----+| 428| 362| 138| 169|  41| 271| 184| 372| 453| 129| 191| 441| 231| 437|  61|
+----+----+----+----+----+----+----+----+----+----+----+----+----+----+----+| 364| 177| 331|  53| 258|  29| 343| 447| 242| 255| 291| 480| 342| 122| 298|
+----+----+----+----+----+----+----+----+----+----+----+----+----+----+----+| 497| 141| 410| 366| 346| 142| 405| 240| 190| 336|  55| 235| 486| 468| 216|
+----+----+----+----+----+----+----+----+----+----+----+----+----+----+----+| 140| 418| 423| 292| 155| 102|  64| 369| 332| 414| 112| 254|  81| 368| 283|
+----+----+----+----+----+----+----+----+----+----+----+----+----+----+----+| 226| 382| 204| 338| 225| 131|  49|  39| 434|  82| 391|  66| 123|  15| 409|
+----+----+----+----+----+----+----+----+----+----+----+----+----+----+----+| 315| 311| 424|  25| 450| 378| 100| 427| 224| 154| 153| 111|  98| 213|  71|
+----+----+----+----+----+----+----+----+----+----+----+----+----+----+----+| 133| 182| 206| 197| 293|  14|   2|  12|  94| 439|  77| 496| 471| 171| 383|
+----+----+----+----+----+----+----+----+----+----+----+----+----+----+----+| 314| 173|  16|  75| 466| 109| 444|  21| 265| 426| 210| 392| 384| 415| 481|
+----+----+----+----+----+----+----+----+----+----+----+----+----+----+----+| 422| 309| 198| 341| 105| 425| 208|   5| 156| 207| 273| 124| 230|  78| 137|
+----+----+----+----+----+----+----+----+----+----+----+----+----+----+----+| 303| 329| 196| 241| 260|  40| 286| 323| 238| 295| 288| 475| 126| 250| 328|
+----+----+----+----+----+----+----+----+----+----+----+----+----+----+----+| 442| 128| 408| 297| 269|  73| 401| 387|  46| 195| 127| 399| 353|   8| 367|
+----+----+----+----+----+----+----+----+----+----+----+----+----+----+----+| 243|  34| 120| 406| 398| 470| 237|  19|  32|  86| 209| 400| 246| 393| 419|
+----+----+----+----+----+----+----+----+----+----+----+----+----+----+----+| 335| 272| 281| 275| 147| 121| 487|  70| 357| 456| 223| 143| 374| 268| 218|
+----+----+----+----+----+----+----+----+----+----+----+----+----+----+----+
Card #0
+----+----+----+----+----+----+----+----+----+----+----+----+----+----+----+| 333| 465| 417| 135| 296| 461| 234| 160| 317|  17| 192| 262| 385| 108| 485|
+----+----+----+----+----+----+----+----+----+----+----+----+----+----+----+| 176| 482|  59| 432| 166| 249| 282| 306| 339| 256| 337| 500| 149| 316| 228|
+----+----+----+----+----+----+----+----+----+----+----+----+----+----+----+| 428| 362| 138| 169|  41| 271| 184| 372| 453| 129| 191| 441| 231| 437|  61|
+----+----+----+----+----+----+----+----+----+----+----+----+----+----+----+| 364| 177| 331|  53| 258|  29| 343| 447| 242| 255| 291| 480| 342| 122| 298|
+----+----+----+----+----+----+----+----+----+----+----+----+----+----+----+| 497| 141| 410| 366| 346| 142| 405| 240| 190| 336|  55| 235| 486| 468| 216|
+----+----+----+----+----+----+----+----+----+----+----+----+----+----+----+| 140| 418| 423| 292| 155| 102|  64| 369| 332| 414| 112| 254|  81| 368| 283|
+----+----+----+----+----+----+----+----+----+----+----+----+----+----+----+| 226| 382| 204| 338| 225| 131|  49|  39| 434|  82| 391|  66| 123|  15| 409|
+----+----+----+----+----+----+----+----+----+----+----+----+----+----+----+| 315| 311| 424|  25| 450| 378| 100| 427| 224| 154| 153| 111|  98| 213|  71|
+----+----+----+----+----+----+----+----+----+----+----+----+----+----+----+| 133| 182| 206| 197| 293|  14|   2|  12|  94| 439|  77| 496| 471| 171| 383|
+----+----+----+----+----+----+----+----+----+----+----+----+----+----+----+| 314| 173|  16|  75| 466| 109| 444|  21| 265| 426| 210| 392| 384| 415| 481|
+----+----+----+----+----+----+----+----+----+----+----+----+----+----+----+| 422| 309| 198| 341| 105| 425| 208|   5| 156| 207| 273| 124| 230|  78| 137|
+----+----+----+----+----+----+----+----+----+----+----+----+----+----+----+| 303| 329| 196| 241| 260|  40| 286| 323| 238| 295| 288| 475| 126| 250| 328|
+----+----+----+----+----+----+----+----+----+----+----+----+----+----+----+| 442| 128| 408| 297| 269|  73| 401| 387|  46| 195| 127| 399| 353|   8| 367|
+----+----+----+----+----+----+----+----+----+----+----+----+----+----+----+| 243|  34| 120| 406| 398| 470| 237|  19|  32|  86| 209| 400| 246| 393| 419|
+----+----+----+----+----+----+----+----+----+----+----+----+----+----+----+| 335| 272| 281| 275| 147| 121| 487|  70| 357| 456| 223| 143| 374| 268| 218|
+----+----+----+----+----+----+----+----+----+----+----+----+----+----+----+
